167 99 -1
259 -1 33
375 2 -1
263 -1 12
368 23 -1
80 -1 44
434 -1 3
281 -1 25
166 -1 13
152 -1 63
455 -1 72
484 -1 38
171 -1 30
21 -1 50
128 -1 45
470 -1 15
421 -1 61
183 -1 35
270 -1 38
152 -1 54
107 -1 82
320 -1 49
66 -1 19
250 -1 83
455 -1 78
8 -1 88
476 -1 53
161 -1 59
456 -1 50
308 -1 42
462 -1 31
50 -1 41
337 -1 44
92 -1 35
274 -1 32
406 -1 52
370 -1 73
304 -1 14
84 -1 66
281 -1 49
445 -1 65
194 -1 52
427 -1 49
60 -1 54
215 -1 76
218 -1 36
457 -1 67
71 -1 39
112 -1 7
301 -1 34
186 -1 56
336 -1 24
113 -1 48
23 -1 15
244 -1 106
310 -1 5
288 -1 41
258 -1 46
243 -1 51
260 -1 45
33 -1 60
73 -1 91
286 -1 26
158 -1 51
336 -1 42
461 -1 55
291 -1 36
123 -1 60
288 -1 32
434 -1 60
432 -1 93
490 -1 46
6 -1 85
432 -1 56
328 -1 29
76 -1 29
280 -1 46
35 -1 52
362 -1 56
400 -1 61
381 -1 51
48 -1 35
446 -1 21
81 -1 60
22 -1 55
144 -1 53
317 -1 57
498 -1 74
439 -1 36
449 -1 95
118 -1 80
495 -1 22
32 -1 52
386 -1 57
415 -1 32
491 -1 72
451 -1 55
41 -1 71
394 -1 40
91 -1 47
